5 0.637267561983471 0.5785123966942147 0.7042871900826446 0.5785123966942147
4 0.9072830578512395 0.15564738292011016 0.0511363636363636 0.06060606060606059
3 0.9588068181818181 0.1549586776859504 0.04881198347107429 0.05647382920110193
2 0.3122417355371901 0.15289256198347106 0.03409090909090914 0.02754820936639117
2 0.4606146694214876 0.1542699724517906 0.03486570247933884 0.02754820936639117
2 0.6097623966942148 0.15564738292011016 0.03409090909090914 0.024793388429752063
1 0.3835227272727272 0.15771349862258952 0.10692148760330575 0.042699724517906344
1 0.5338326446280992 0.15633608815426997 0.10847107438016529 0.04545454545454545
1 0.6810433884297521 0.15633608815426997 0.11002066115702476 0.04545454545454545
2 0.3114669421487603 0.2086776859504132 0.03719008264462808 0.03168044077134986
