4 0.908485045513654 0.16059817945383614 0.045351105331599514 0.053315994798439556
3 0.9585907022106633 0.16059817945383614 0.047545513654096254 0.050715214564369296
5 0.5639629388816645 0.4993498049414825 0.8455786736020806 0.5643693107932379
2 0.2881989596879064 0.15929778933680105 0.020481144343302945 0.02470741222366712
1 0.3518368010403121 0.1586475942782835 0.10679453836150848 0.04421326397919374
2 0.42169213263979194 0.15864759427828348 0.019749674902470673 0.028608582574772435
1 0.4871586475942783 0.1586475942782835 0.10679453836150848 0.04421326397919374
2 0.15251137841352405 0.1579973992197659 0.02121261378413525 0.022106631989596864
1 0.21834362808842656 0.15929778933680105 0.10752600780234073 0.05071521456436933
4 0.8839808192457739 0.8953185955786737 0.0855819245773732 0.0039011703511052077
